SeenOtherAgent
4,3,2
input nodes: 
2.883919,-0.479217,0.9000595,1.050373
0.4958214,3.610821,1.018009,1.050373
0.3340213,-0.04130893,0.7418713,1.050373
-0.1738934,-0.6743698,-0.87529,1.050373
middle nodes: 
0.7487025,0.1368355,1.099853
0.2044098,0.8056426,1.099853
0.01076892,0.1242781,1.099853
EndStimulus
Insulted
5,3,3
input nodes: 
0.2869609,-0.3344889,-0.1991959,0.9799857
0.3509591,-0.3537231,0.7690106,0.9799857
0.362235,-0.3552051,0.773649,0.9799857
0.3522641,-0.3537593,0.7692439,0.9799857
0.3527158,-0.3561729,0.7742413,0.9799857
middle nodes: 
0.5597764,-0.2171775,0.3271186,0.7208863
0.05028599,-0.02697313,0.3347184,0.7208863
0.3381611,-0.2564014,0.3229131,0.7208863
EndStimulus
Greeted
4,3,2
input nodes: 
1,0,0,0
-1,1,0,0
1,-1,0,0
1,-1,0,0
middle nodes: 
0,0,0
0,0,0
0,0,0
EndStimulus
Punched
4,3,2
input nodes: 
-0.3537176,-0.9327433,-0.8715816,1.063911
0.5083591,0.6738631,0.7042792,1.063911
0.5040061,-0.4984775,-0.3968809,1.063911
-0.2038058,0.1511159,-0.1184203,1.063911
middle nodes: 
-0.06508008,-0.7898241,1.109358
0.9218878,0.7904331,1.109358
0.3818123,0.7547897,1.109358
EndStimulus
